2.425870895385742188e-01
2.421261072158813477e-01
2.416726648807525635e-01
2.412232756614685059e-01
2.407773584127426147e-01
2.403347194194793701e-01
2.398953437805175781e-01
2.394592761993408203e-01
2.390265762805938721e-01
2.385972738265991211e-01
2.381714284420013428e-01
2.377490401268005371e-01
2.373302131891250610e-01
2.369149774312973022e-01
2.365033328533172607e-01
2.360953390598297119e-01
2.356910556554794312e-01
2.352904379367828369e-01
2.348935902118682861e-01
2.345005273818969727e-01
2.341113090515136719e-01
2.337259054183959961e-01
2.333444058895111084e-01
2.329667806625366211e-01
2.325930893421173096e-01
2.322233468294143677e-01
2.318575978279113770e-01
2.314958125352859497e-01
2.311380207538604736e-01
2.307842224836349487e-01
2.304400801658630371e-01
2.301357984542846680e-01
2.298351824283599854e-01
2.295382171869277954e-01
2.292448878288269043e-01
2.289551794528961182e-01
2.286690324544906616e-01
2.283864468336105347e-01
2.281074225902557373e-01
2.278319150209426880e-01
2.275598794221878052e-01
2.272913157939910889e-01
2.270262390375137329e-01
2.267645597457885742e-01
2.265062630176544189e-01
2.262513488531112671e-01
2.259997725486755371e-01
2.257514894008636475e-01
2.255065143108367920e-01
2.252647876739501953e-01
2.250262647867202759e-01
2.247909307479858398e-01
2.245587408542633057e-01
2.243296802043914795e-01
2.241036742925643921e-01
2.238807231187820435e-01
2.236607670783996582e-01
2.234437465667724609e-01
2.232296466827392578e-01
2.230184376239776611e-01
2.228100299835205078e-01
2.226043939590454102e-01
2.224014997482299805e-01
2.222012877464294434e-01
2.220036983489990234e-01
2.218087017536163330e-01
2.216162383556365967e-01
2.214262485504150391e-01
2.212386727333068848e-01
2.210534811019897461e-01
2.208705842494964600e-01
2.206899821758270264e-01
2.205116003751754761e-01
2.203353345394134521e-01
2.201611995697021484e-01
2.199891060590744019e-01
2.198190391063690186e-01
2.196508347988128662e-01
2.194845825433731079e-01
2.193201184272766113e-01
2.191574871540069580e-01
2.189965695142745972e-01
2.188373357057571411e-01
2.186797261238098145e-01
2.185237109661102295e-01
2.183692455291748047e-01
2.182162702083587646e-01
2.180647253990173340e-01
2.179145812988281250e-01
2.177658230066299438e-01
2.176183611154556274e-01
2.174721956253051758e-01
2.173272371292114258e-01
2.171834707260131836e-01
2.170408964157104492e-01
2.168994247913360596e-01
2.167590111494064331e-01
2.166196703910827637e-01
2.164812982082366943e-01
2.163439542055130005e-01
2.162075191736221313e-01
2.160719931125640869e-01
2.159373760223388672e-01
2.158035486936569214e-01
2.156705707311630249e-01
2.155383527278900146e-01
2.154068797826766968e-01
2.152761518955230713e-01
2.151461094617843628e-01
2.150167524814605713e-01
2.148880064487457275e-01
2.147598713636398315e-01
2.146323323249816895e-01
2.145053446292877197e-01
2.143789231777191162e-01
2.142530232667922974e-01
2.141275852918624878e-01
2.140025943517684937e-01
2.138780951499938965e-01
2.137539833784103394e-01
2.136302888393402100e-01
2.135069668292999268e-01
2.133842110633850098e-01
2.132617831230163574e-01
2.131397277116775513e-01
2.130180001258850098e-01
2.128965705633163452e-01
2.127754688262939453e-01
2.126546055078506470e-01
2.125340402126312256e-01
2.124136984348297119e-01
2.122935950756072998e-01
2.121737152338027954e-01
2.120540142059326172e-01
2.119345068931579590e-01
2.118152081966400146e-01
2.116960287094116211e-01
2.115769982337951660e-01
2.114580869674682617e-01
2.113441228866577148e-01
2.112333923578262329e-01
2.111227661371231079e-01
2.110122293233871460e-01
2.109017372131347656e-01
2.107913196086883545e-01
2.106809616088867188e-01
2.105706483125686646e-01
2.104603648185729980e-01
2.103500962257385254e-01
2.102398574352264404e-01
2.101296335458755493e-01
2.100193798542022705e-01
2.099091410636901855e-01
2.097988724708557129e-01
2.096885740756988525e-01
2.095782458782196045e-01
2.094678878784179688e-01
2.093574702739715576e-01
2.092469930648803711e-01
2.091364264488220215e-01
2.090258002281188965e-01
2.089150995016098022e-01
2.088043093681335449e-01
2.086934298276901245e-01
2.085824012756347656e-01
2.084713280200958252e-01
2.083600908517837524e-01
2.082487493753433228e-01
2.081372439861297607e-01
2.080246806144714355e-01
2.079114615917205811e-01
2.077979147434234619e-01
2.076840251684188843e-01
2.075698077678680420e-01
2.074552476406097412e-01
2.073403596878051758e-01
2.072251141071319580e-01
2.071095705032348633e-01
2.069936394691467285e-01
2.068773806095123291e-01
2.067607641220092773e-01
2.066438198089599609e-01
2.065265327692031860e-01
2.064088582992553711e-01
2.062908113002777100e-01
2.061723917722702026e-01
2.060536146163940430e-01
2.059344649314880371e-01
2.058149129152297974e-01
2.056949436664581299e-01
2.055746316909790039e-01
2.054538726806640625e-01
2.053327262401580811e-01
2.052111625671386719e-01
2.050891518592834473e-01
2.049667239189147949e-01
2.048438787460327148e-01
2.047205865383148193e-01
2.045968323945999146e-01
2.044726312160491943e-01
2.043479681015014648e-01
2.042228281497955322e-01
2.040972262620925903e-01
2.039711326360702515e-01
2.038445472717285156e-01
2.037129253149032593e-01
2.035059332847595215e-01
2.032700031995773315e-01
2.030135989189147949e-01
2.027416229248046875e-01
2.024575024843215942e-01
2.021637409925460815e-01
2.018621861934661865e-01
2.015543580055236816e-01
2.012414485216140747e-01
2.009243369102478027e-01
2.006038874387741089e-01
2.002806365489959717e-01
1.999551206827163696e-01
1.996277421712875366e-01
1.992987990379333496e-01
1.989686191082000732e-01
1.986937522888183594e-01
1.984768807888031006e-01
1.983209848403930664e-01
1.981624364852905273e-01
1.979829967021942139e-01
1.977856010198593140e-01
1.975727677345275879e-01
1.973465979099273682e-01
1.971089541912078857e-01
1.968613713979721069e-01
1.966052502393722534e-01
1.963417828083038330e-01
1.960719823837280273e-01
1.957994103431701660e-01
1.955782175064086914e-01
1.953514069318771362e-01
1.951227784156799316e-01
1.948907375335693359e-01
1.946554630994796753e-01
1.944172084331512451e-01
1.941762119531631470e-01
1.939325779676437378e-01
1.936865150928497314e-01
1.934381574392318726e-01
1.931924968957901001e-01
1.929530799388885498e-01
1.926974356174468994e-01
1.924863755702972412e-01
1.922734379768371582e-01
1.920490860939025879e-01
1.918155550956726074e-01
1.915745586156845093e-01
1.913355588912963867e-01
1.910874545574188232e-01
1.908414214849472046e-01
1.905892491340637207e-01
1.903701275587081909e-01
1.901457607746124268e-01
1.899224221706390381e-01
1.896852850914001465e-01
1.894496679306030273e-01
1.892096251249313354e-01
1.889655888080596924e-01
1.887188106775283813e-01
1.884687393903732300e-01
1.882171481847763062e-01
1.880539059638977051e-01
1.878616213798522949e-01
1.876543760299682617e-01
1.874343603849411011e-01
1.871981173753738403e-01
1.869748532772064209e-01
1.867571473121643066e-01
1.865468174219131470e-01
1.863124966621398926e-01
1.860725283622741699e-01
1.858377605676651001e-01
1.855939626693725586e-01
1.853799968957901001e-01
1.851511597633361816e-01
1.849236637353897095e-01
1.847085505723953247e-01
1.844950169324874878e-01
1.842877715826034546e-01
1.840613931417465210e-01
1.838192194700241089e-01
1.836045980453491211e-01
1.833814531564712524e-01
1.831485629081726074e-01
1.829058229923248291e-01
1.826743632555007935e-01
1.824416220188140869e-01
1.822082996368408203e-01
1.820026338100433350e-01
1.817083060741424561e-01
1.813177168369293213e-01
1.809058785438537598e-01
1.804773509502410889e-01
1.801254749298095703e-01
1.797654479742050171e-01
1.793940663337707520e-01
1.790139824151992798e-01
1.786272823810577393e-01
1.782333552837371826e-01
1.778384298086166382e-01
1.774291694164276123e-01
1.770232617855072021e-01
1.766116023063659668e-01
1.761939227581024170e-01
1.757707893848419189e-01
1.753426492214202881e-01
1.749099642038345337e-01
1.744904667139053345e-01
1.740706861019134521e-01
1.736340224742889404e-01
1.731999814510345459e-01
1.727691441774368286e-01
1.723399758338928223e-01
1.719061583280563354e-01
1.714763939380645752e-01
1.710334420204162598e-01
1.705987453460693359e-01
1.701748222112655640e-01
1.697427332401275635e-01
1.692978888750076294e-01
1.688726246356964111e-01
1.684308499097824097e-01
1.679770201444625854e-01
1.675393283367156982e-01
1.671005189418792725e-01
1.666601002216339111e-01
1.662147343158721924e-01
1.657647937536239624e-01
1.653106957674026489e-01
1.648847758769989014e-01
1.644363403320312500e-01
1.639901399612426758e-01
1.635428667068481445e-01
1.630862355232238770e-01
1.626420617103576660e-01
1.621929705142974854e-01
1.617394238710403442e-01
1.612818241119384766e-01
1.608529090881347656e-01
1.604017615318298340e-01
1.599454283714294434e-01
1.594955623149871826e-01
1.590459644794464111e-01
1.586001664400100708e-01
1.581494659185409546e-01
1.576943248510360718e-01
1.574966311454772949e-01
1.572779417037963867e-01
1.569569408893585205e-01
1.565424799919128418e-01
1.560605168342590332e-01
1.556502878665924072e-01
1.553801298141479492e-01
1.550958752632141113e-01
1.547968238592147827e-01
1.544688940048217773e-01
1.541272401809692383e-01
1.537650227546691895e-01
1.533837765455245972e-01
1.530107259750366211e-01
1.527001857757568359e-01
1.524391174316406250e-01
1.520895808935165405e-01
1.518305391073226929e-01
1.515381187200546265e-01
1.512350440025329590e-01
1.509526968002319336e-01
1.506416499614715576e-01
1.503041982650756836e-01
1.501083374023437500e-01
1.498543322086334229e-01
1.494965851306915283e-01
1.491821110248565674e-01
1.489605903625488281e-01
1.486864089965820312e-01
1.483850181102752686e-01
1.480812281370162964e-01
1.478362679481506348e-01
1.475900560617446899e-01
1.472560167312622070e-01
1.470834314823150635e-01
1.468794047832489014e-01
1.466225087642669678e-01
1.463100314140319824e-01
1.460001617670059204e-01
1.458380520343780518e-01
1.456446051597595215e-01
1.453598290681838989e-01
1.449969410896301270e-01
1.448505520820617676e-01
1.446604877710342407e-01
1.444619297981262207e-01
1.441996395587921143e-01
1.439199894666671753e-01
1.436199247837066650e-01
1.433786302804946899e-01
1.432024538516998291e-01
1.429470479488372803e-01
1.426222622394561768e-01
1.424616128206253052e-01
1.423018723726272583e-01
1.420733332633972168e-01
1.418011486530303955e-01
1.415164023637771606e-01
1.413253545761108398e-01
1.411489844322204590e-01
1.408956050872802734e-01
1.406336724758148193e-01
1.405385136604309082e-01
1.403177976608276367e-01
1.400443613529205322e-01
1.398227214813232422e-01
1.396347880363464355e-01
1.393814980983734131e-01
1.392314434051513672e-01
1.390667855739593506e-01
1.388602554798126221e-01
1.385912299156188965e-01
1.384510695934295654e-01
1.382990628480911255e-01
1.380812823772430420e-01
1.378013044595718384e-01
1.376533508300781250e-01
1.374960541725158691e-01
1.372730731964111328e-01
1.370066106319427490e-01
1.368859559297561646e-01
1.367296576499938965e-01
1.365032643079757690e-01
1.362258940935134888e-01
1.361372768878936768e-01
1.359486132860183716e-01
1.357452422380447388e-01
1.354941725730895996e-01
1.353549957275390625e-01
1.352155655622482300e-01
1.350149065256118774e-01
1.347703635692596436e-01
1.345668584108352661e-01
1.344246864318847656e-01
1.342440843582153320e-01
1.340051889419555664e-01
1.338346302509307861e-01
1.336497962474822998e-01
1.334535926580429077e-01
1.332735866308212280e-01
1.331096291542053223e-01
1.328984946012496948e-01
1.327631324529647827e-01
1.325816810131072998e-01
1.324480324983596802e-01
1.322549879550933838e-01
1.320231556892395020e-01
1.319205909967422485e-01
1.317773163318634033e-01
1.315763741731643677e-01
1.313583105802536011e-01
1.312443464994430542e-01
1.310686618089675903e-01
1.308411955833435059e-01
1.306723207235336304e-01
1.305205821990966797e-01
1.303244233131408691e-01
1.301523000001907349e-01
1.299986839294433594e-01
1.297876983880996704e-01
1.296050250530242920e-01
1.294590383768081665e-01
1.292850375175476074e-01
1.291416734457015991e-01
1.289700567722320557e-01
1.287835091352462769e-01
1.286183744668960571e-01
1.284385025501251221e-01
1.282905340194702148e-01
1.281201988458633423e-01
1.279797554016113281e-01
1.278165876865386963e-01
1.276516169309616089e-01
1.274999380111694336e-01
1.273136436939239502e-01
1.271834522485733032e-01
1.270421743392944336e-01
1.268420964479446411e-01
1.266775131225585938e-01
1.265377104282379150e-01
1.263601928949356079e-01
1.261895298957824707e-01
1.260107159614562988e-01
1.258667409420013428e-01
1.256783604621887207e-01
1.255919337272644043e-01
1.254620403051376343e-01
1.252886950969696045e-01
1.250822246074676514e-01
1.250082850456237793e-01
1.248728185892105103e-01
1.246662884950637817e-01
1.244530305266380310e-01
1.244011521339416504e-01
1.242915689945220947e-01
1.241489499807357788e-01
1.239707320928573608e-01
1.237527430057525635e-01
1.235428005456924438e-01
1.234392076730728149e-01
1.232754290103912354e-01
1.231553852558135986e-01
1.230105534195899963e-01
1.228521764278411865e-01
1.226612851023674011e-01
1.225646436214447021e-01
1.224348098039627075e-01
1.222687363624572754e-01
1.220908612012863159e-01
1.219535320997238159e-01
1.217722296714782715e-01
1.216976195573806763e-01
1.215590462088584900e-01
1.213272139430046082e-01
1.212634593248367310e-01
1.211655586957931519e-01
1.210252568125724792e-01
1.208492815494537354e-01
1.206704825162887573e-01
1.205634623765945435e-01
1.204424500465393066e-01
1.202544197440147400e-01
1.200795471668243408e-01
1.199673712253570557e-01
1.198081746697425842e-01
1.197059750556945801e-01
1.195823401212692261e-01
1.194081380963325500e-01
1.192532479763031006e-01
1.191458106040954590e-01
1.189989447593688965e-01
1.188395395874977112e-01
1.187247633934020996e-01
1.185851916670799255e-01
1.184665709733963013e-01
1.183252632617950439e-01
1.182091832160949707e-01
1.180637106299400330e-01
1.179362535476684570e-01
1.178134754300117493e-01
1.176608949899673462e-01
1.175839304924011230e-01
1.174515113234519958e-01
1.172909438610076904e-01
1.171650514006614685e-01
1.170585155487060547e-01
1.169164180755615234e-01
1.167554184794425964e-01
1.166700124740600586e-01
1.165547892451286316e-01
1.163868382573127747e-01
1.162735074758529663e-01
1.161770448088645935e-01
1.160470098257064819e-01
1.158789396286010742e-01
1.157883256673812866e-01
1.156922429800033569e-01
1.155503094196319580e-01
1.153519302606582642e-01
1.152478680014610291e-01
1.151096522808074951e-01
1.150131523609161377e-01
1.148880496621131897e-01
1.147483214735984802e-01
1.146337166428565979e-01
1.144941598176956177e-01
1.144354343414306641e-01
1.143071055412292480e-01
1.141452789306640625e-01
1.140892058610916138e-01
1.139954328536987305e-01
1.138602346181869507e-01
1.136924177408218384e-01
1.135662496089935303e-01
1.134776473045349121e-01
1.133081018924713135e-01
1.132246553897857666e-01
1.131422743201255798e-01
1.130144000053405762e-01
1.128546148538589478e-01
1.127491220831871033e-01
1.126577854156494141e-01
1.125052273273468018e-01
1.123597100377082825e-01
1.122623682022094727e-01
1.121343821287155151e-01
1.120068877935409546e-01
1.118841618299484253e-01
1.117959395051002502e-01
1.116836443543434143e-01
1.115554794669151306e-01
1.114684864878654480e-01
1.113407462835311890e-01
1.112338155508041382e-01
1.111390441656112671e-01
1.110036075115203857e-01
1.109304130077362061e-01
1.108190268278121948e-01
1.106768697500228882e-01
1.105738654732704163e-01
1.104870587587356567e-01
1.103631258010864258e-01
1.102016121149063110e-01
1.101484447717666626e-01
1.100524440407752991e-01
1.099130660295486450e-01
1.097738221287727356e-01
1.096799224615097046e-01
1.095560789108276367e-01
1.094379127025604248e-01
1.093270406126976013e-01
1.092425137758255005e-01
1.091626584529876709e-01
1.090452447533607483e-01
1.089056134223937988e-01
1.088033244013786316e-01
1.086997836828231812e-01
1.085819900035858154e-01
1.084552779793739319e-01
1.083474457263946533e-01
1.082760691642761230e-01
1.081970557570457458e-01
1.080718114972114563e-01
1.079090684652328491e-01
1.078789606690406799e-01
1.078094765543937683e-01
1.076848208904266357e-01
1.075106263160705566e-01
1.074460744857788086e-01
1.073769703507423401e-01
1.072994768619537354e-01
1.071931347250938416e-01
1.070159375667572021e-01
1.068571060895919800e-01
1.068461835384368896e-01
1.067942976951599121e-01
1.066828370094299316e-01
1.065208241343498230e-01
1.063595637679100037e-01
1.062977164983749390e-01
1.061934679746627808e-01
1.060634925961494446e-01
1.059609726071357727e-01
1.058496832847595215e-01
1.057248488068580627e-01
1.056251004338264465e-01
1.055333539843559265e-01
1.054212749004364014e-01
1.053193956613540649e-01
1.052414923906326294e-01
1.051314100623130798e-01
1.050251126289367676e-01
1.048989593982696533e-01
1.048263311386108398e-01
1.047014296054840088e-01
1.046409308910369873e-01
1.045595481991767883e-01
1.044358313083648682e-01
1.042971760034561157e-01
1.042552068829536438e-01
1.041774898767471313e-01
1.040446460247039795e-01
1.038897261023521423e-01
1.038294434547424316e-01
1.037161499261856079e-01
1.035828590393066406e-01
1.035428643226623535e-01
1.034607887268066406e-01
1.033200472593307495e-01
1.032348573207855225e-01
1.031671762466430664e-01
1.030614227056503296e-01
1.029247641563415527e-01
1.028207764029502869e-01
1.027315631508827209e-01
1.025861203670501709e-01
1.024906784296035767e-01
1.024312227964401245e-01
1.023137047886848450e-01
1.022062078118324280e-01
1.021142601966857910e-01
1.019953563809394836e-01
1.019234508275985718e-01
1.018099635839462280e-01
1.016916260123252869e-01
1.015993952751159668e-01
1.014752462506294250e-01
1.013877093791961670e-01
1.012813970446586609e-01
1.011991128325462341e-01
1.010846346616744995e-01
1.010160595178604126e-01
1.009318009018898010e-01
1.008136793971061707e-01
1.006954908370971680e-01
1.005894169211387634e-01
1.005259826779365540e-01
1.004414483904838562e-01
1.003221273422241211e-01
1.001929640769958496e-01
1.000942364335060120e-01
9.999812394380569458e-02
9.989699721336364746e-02
9.977889060974121094e-02
9.972817450761795044e-02
9.963089972734451294e-02
9.947812557220458984e-02
9.944237768650054932e-02
9.937405586242675781e-02
9.926518052816390991e-02
9.911990910768508911e-02
9.899179637432098389e-02
9.886641800403594971e-02
9.879900515079498291e-02
9.870512783527374268e-02
9.857720881700515747e-02
9.851610660552978516e-02
9.841725975275039673e-02
9.826296567916870117e-02
9.822851419448852539e-02
9.815925359725952148e-02
9.805568307638168335e-02
9.794504940509796143e-02
9.780910611152648926e-02
9.767945110797882080e-02
9.760901331901550293e-02
9.747712314128875732e-02
9.744474291801452637e-02
9.738102555274963379e-02
9.727883338928222656e-02
9.714209288358688354e-02
9.697444736957550049e-02
9.695657342672348022e-02
9.688828885555267334e-02
9.675979614257812500e-02
9.657756239175796509e-02
9.648163616657257080e-02
9.642963856458663940e-02
9.633605927228927612e-02
9.620496630668640137e-02
9.606978297233581543e-02
9.594540297985076904e-02
9.584880620241165161e-02
9.568864852190017700e-02
9.559437632560729980e-02
9.553146362304687500e-02
9.540674090385437012e-02
9.532587230205535889e-02
9.523550420999526978e-02
9.511076658964157104e-02
9.495634585618972778e-02
9.496621787548065186e-02
9.487980604171752930e-02
9.464849531650543213e-02
9.459069371223449707e-02
9.453899413347244263e-02
9.444694221019744873e-02
9.431686252355575562e-02
9.415264427661895752e-02
9.402050077915191650e-02
9.397244453430175781e-02
9.382565319538116455e-02
9.370879083871841431e-02
9.363573789596557617e-02
9.352582693099975586e-02
9.338273108005523682e-02
9.324505925178527832e-02
9.316468238830566406e-02
9.302426874637603760e-02
9.292556345462799072e-02
9.279500693082809448e-02
9.275475144386291504e-02
9.264895319938659668e-02
9.247922152280807495e-02
9.242106229066848755e-02
9.235236048698425293e-02
9.224450588226318359e-02
9.210059046745300293e-02
9.192442893981933594e-02
9.185563772916793823e-02
9.175650775432586670e-02
9.160341322422027588e-02
9.148727357387542725e-02
9.140735864639282227e-02
9.129117429256439209e-02
9.114234149456024170e-02
9.101822227239608765e-02
9.090480953454971313e-02
9.078431874513626099e-02
9.068377315998077393e-02
9.054902195930480957e-02
9.042001515626907349e-02
9.030653536319732666e-02
9.020983427762985229e-02
9.010852873325347900e-02
8.997047692537307739e-02
8.983489871025085449e-02
8.971531689167022705e-02
8.960700035095214844e-02
8.950257301330566406e-02
8.936466276645660400e-02
8.923515677452087402e-02
8.910214155912399292e-02
8.900593221187591553e-02
8.887332677841186523e-02
8.874531090259552002e-02
8.866249024868011475e-02
8.850049227476119995e-02
8.843284845352172852e-02
8.834391087293624878e-02
8.821855485439300537e-02
8.806034922599792480e-02
8.787693083286285400e-02
8.784933388233184814e-02
8.775613456964492798e-02
8.759765326976776123e-02
8.749397844076156616e-02
8.738033473491668701e-02
8.731681853532791138e-02
8.720666915178298950e-02
8.713880926370620728e-02
8.701755106449127197e-02
8.684971928596496582e-02
8.680043369531631470e-02
8.669950067996978760e-02
8.654989302158355713e-02
8.640813082456588745e-02
8.629115670919418335e-02
8.622276782989501953e-02
8.607228100299835205e-02
8.603480458259582520e-02
8.595961332321166992e-02
8.584939688444137573e-02
8.570811897516250610e-02
8.553382754325866699e-02
8.544857800006866455e-02
8.535488694906234741e-02
8.523887395858764648e-02
8.510418236255645752e-02
8.507223427295684814e-02
8.499065786600112915e-02
8.485929667949676514e-02
8.467847108840942383e-02
8.448299765586853027e-02
8.454281836748123169e-02
8.449338376522064209e-02
8.432272076606750488e-02
8.409423381090164185e-02
8.397250622510910034e-02
8.393919467926025391e-02
8.384808152914047241e-02
8.370413631200790405e-02
8.351273089647293091e-02
8.338594436645507812e-02
8.333829790353775024e-02
8.315503597259521484e-02
8.299536257982254028e-02
8.293454349040985107e-02
8.284129202365875244e-02
8.272200822830200195e-02
8.256775140762329102e-02
8.245963603258132935e-02
8.237946033477783203e-02
8.217610418796539307e-02
8.206921070814132690e-02
8.192905783653259277e-02
8.183053135871887207e-02
8.168301731348037720e-02
8.155979216098785400e-02
8.143931627273559570e-02
8.132627606391906738e-02
8.120909333229064941e-02
8.110108971595764160e-02
8.095980435609817505e-02
8.084880560636520386e-02
8.073945343494415283e-02
8.061187714338302612e-02
8.049036562442779541e-02
8.039158582687377930e-02
8.022677898406982422e-02
8.016003668308258057e-02
8.008511364459991455e-02
7.995748519897460938e-02
7.978434860706329346e-02
7.960931211709976196e-02
7.946982979774475098e-02
7.939374446868896484e-02
7.928295433521270752e-02
7.913037389516830444e-02
7.900862395763397217e-02
7.890637964010238647e-02
7.875244319438934326e-02
7.868358492851257324e-02
7.857869565486907959e-02
7.842060923576354980e-02
7.821698486804962158e-02
7.826790213584899902e-02
7.811435312032699585e-02
7.796249538660049438e-02
7.781237363815307617e-02
7.776853442192077637e-02
7.768241316080093384e-02
7.754075527191162109e-02
7.734909653663635254e-02
7.715110480785369873e-02
7.710815966129302979e-02
7.704259455204010010e-02
7.686115056276321411e-02
7.661263644695281982e-02
7.651100307703018188e-02
7.637442648410797119e-02
7.621540874242782593e-02
7.611589878797531128e-02
7.602198421955108643e-02
7.585463672876358032e-02
7.567346096038818359e-02
7.563880831003189087e-02
7.555352151393890381e-02
7.540699839591979980e-02
7.522498071193695068e-02
7.503563910722732544e-02
7.497997581958770752e-02
7.485549151897430420e-02
7.465218007564544678e-02
7.454106956720352173e-02
7.445983588695526123e-02
7.432106137275695801e-02
7.420779764652252197e-02
7.404720783233642578e-02
7.382221519947052002e-02
7.368804514408111572e-02
7.361747324466705322e-02
7.353615760803222656e-02
7.333079725503921509e-02
7.320983707904815674e-02
7.305488735437393188e-02
7.295481115579605103e-02
7.279060035943984985e-02
7.263334095478057861e-02
7.250222563743591309e-02
7.234606891870498657e-02
7.218602299690246582e-02
7.205922156572341919e-02
7.188704609870910645e-02
7.179141789674758911e-02
7.168927788734436035e-02
7.154493778944015503e-02
7.134698331356048584e-02
7.123631238937377930e-02
7.116262614727020264e-02
7.099347561597824097e-02
7.074825465679168701e-02
7.072147727012634277e-02
7.065622508525848389e-02
7.053046673536300659e-02
7.034713029861450195e-02
7.011488825082778931e-02
6.990900635719299316e-02
6.982249021530151367e-02
6.963694095611572266e-02
6.946031749248504639e-02
6.933964788913726807e-02
6.919604539871215820e-02
6.902840733528137207e-02
6.885920464992523193e-02
6.872792541980743408e-02
6.859803199768066406e-02
6.847194582223892212e-02
6.831298023462295532e-02
6.816203892230987549e-02
6.798675656318664551e-02
6.782331317663192749e-02
6.772059202194213867e-02
6.760136783123016357e-02
6.743666529655456543e-02
6.727528572082519531e-02
6.707007437944412231e-02
6.696823239326477051e-02
6.683228909969329834e-02
6.666401773691177368e-02
6.654386967420578003e-02
6.639994680881500244e-02
6.620360165834426880e-02
6.601534038782119751e-02
6.585711985826492310e-02
6.567443907260894775e-02
6.556768715381622314e-02
6.542711704969406128e-02
6.525212526321411133e-02
6.518231332302093506e-02
6.501546502113342285e-02
6.476684659719467163e-02
6.461104750633239746e-02
6.444504857063293457e-02
6.429949402809143066e-02
6.414754688739776611e-02
6.396591663360595703e-02
6.385097652673721313e-02
6.370470672845840454e-02
6.352549046277999878e-02
6.341950595378875732e-02
6.325770914554595947e-02
6.302700936794281006e-02
6.288369745016098022e-02
6.273463368415832520e-02
6.255040317773818970e-02
6.243522465229034424e-02
6.232278048992156982e-02
6.225956976413726807e-02
6.211797520518302917e-02
6.202730163931846619e-02
6.191761791706085205e-02
6.178704649209976196e-02
6.172788143157958984e-02
6.161684542894363403e-02
6.147579103708267212e-02
6.138975918292999268e-02
6.127872318029403687e-02
6.114444881677627563e-02
6.106928735971450806e-02
6.095376610755920410e-02
6.083478033542633057e-02
6.076373904943466187e-02
6.067156046628952026e-02
6.053878366947174072e-02
6.039611250162124634e-02
6.035887822508811951e-02
6.026788800954818726e-02
6.011702492833137512e-02
6.002943962812423706e-02
5.990425869822502136e-02
5.978916585445404053e-02
5.971680954098701477e-02
5.961170047521591187e-02
5.954214930534362793e-02
5.946671217679977417e-02
5.937378108501434326e-02
5.927564203739166260e-02
5.914667248725891113e-02
5.901014804840087891e-02
5.900603532791137695e-02
5.889442563056945801e-02
5.871739983558654785e-02
5.866333842277526855e-02
5.858949944376945496e-02
5.848422646522521973e-02
5.835117772221565247e-02
5.833008885383605957e-02
5.823019891977310181e-02
5.808805674314498901e-02
5.801316350698471069e-02
5.793463066220283508e-02
5.782641470432281494e-02
5.769200623035430908e-02
5.769196897745132446e-02
5.759694427251815796e-02
5.744838714599609375e-02
5.735579505562782288e-02
5.728052183985710144e-02
5.718741565942764282e-02
5.707791820168495178e-02
5.704404413700103760e-02
5.689486488699913025e-02
5.685136467218399048e-02
5.680588260293006897e-02
5.676331371068954468e-02
5.666016042232513428e-02
5.652130395174026489e-02
5.638879910111427307e-02
5.639783293008804321e-02
5.633830279111862183e-02
5.612494423985481262e-02
5.613169446587562561e-02
5.611204355955123901e-02
5.605216324329376221e-02
5.594822391867637634e-02
5.586030334234237671e-02
5.576854944229125977e-02
5.565358325839042664e-02
5.552627891302108765e-02
5.541503429412841797e-02
5.535602569580078125e-02
5.530147254467010498e-02
5.524754524230957031e-02
5.514900386333465576e-02
5.503072217106819153e-02
5.492863804101943970e-02
5.494346469640731812e-02
5.483676493167877197e-02
5.469795688986778259e-02
5.466020479798316956e-02
5.456841737031936646e-02
5.450318753719329834e-02
5.443271994590759277e-02
5.434070527553558350e-02
5.430627614259719849e-02
5.418275669217109680e-02
5.410055071115493774e-02
5.406475067138671875e-02
5.402182415127754211e-02
5.393146350979804993e-02
5.383720248937606812e-02
5.374994874000549316e-02
5.365503579378128052e-02
5.360757559537887573e-02
5.348061770200729370e-02
5.342559888958930969e-02
5.339011549949645996e-02
5.332328751683235168e-02
5.325339734554290771e-02
5.316172540187835693e-02
5.308262631297111511e-02
5.299529060721397400e-02
5.291313678026199341e-02
5.283731222152709961e-02
5.278050154447555542e-02
5.270149186253547668e-02
5.264578387141227722e-02
5.253463611006736755e-02
5.251490324735641479e-02
5.245415121316909790e-02
5.235053971409797668e-02
5.229004472494125366e-02
5.217572301626205444e-02
5.215683579444885254e-02
5.215518176555633545e-02
5.209613963961601257e-02
5.199855193495750427e-02
5.192152410745620728e-02
5.182493105530738831e-02
5.171314999461174011e-02
5.169868469238281250e-02
5.160554870963096619e-02
5.153858289122581482e-02
5.149100720882415771e-02
5.144605040550231934e-02
5.138674378395080566e-02
5.130726099014282227e-02
5.120985954999923706e-02
5.109670758247375488e-02
5.115347728133201599e-02
5.107285454869270325e-02
5.088095739483833313e-02
5.084259435534477234e-02
5.078499391674995422e-02
5.073593556880950928e-02
5.064256116747856140e-02
5.058484524488449097e-02
5.052664130926132202e-02
5.046061053872108459e-02
5.039115995168685913e-02
5.031643807888031006e-02
5.022497475147247314e-02
5.019173026084899902e-02
5.012153089046478271e-02
5.007746815681457520e-02
4.998716711997985840e-02
4.990354925394058228e-02
4.985423386096954346e-02
4.981066286563873291e-02
4.974745959043502808e-02
4.967983067035675049e-02
4.959901049733161926e-02
4.951928555965423584e-02
4.949364066123962402e-02
4.938349872827529907e-02
4.934180900454521179e-02
4.928101599216461182e-02
4.923636838793754578e-02
4.915404319763183594e-02
4.910569265484809875e-02
4.904771223664283752e-02
4.895498231053352356e-02
4.886947944760322571e-02
4.882416129112243652e-02
4.876613989472389221e-02
4.869922623038291931e-02
4.862111434340476990e-02
4.858023673295974731e-02
4.853159934282302856e-02
4.847821220755577087e-02
4.840806871652603149e-02
4.833539575338363647e-02
4.825831949710845947e-02
4.826253652572631836e-02
4.812194406986236572e-02
4.809284955263137817e-02
4.801451042294502258e-02
4.799300804734230042e-02
4.792638495564460754e-02
4.788249731063842773e-02
4.782129824161529541e-02
4.774917289614677429e-02
4.767389595508575439e-02
4.760808125138282776e-02
4.757857695221900940e-02
4.748062789440155029e-02
4.744432866573333740e-02
4.739934951066970825e-02
4.733531177043914795e-02
4.731605947017669678e-02
4.725775495171546936e-02
4.716154187917709351e-02
4.709179326891899109e-02
4.702267050743103027e-02
4.697255045175552368e-02
4.691361635923385620e-02
4.686763137578964233e-02
4.679799079895019531e-02
4.674460738897323608e-02
4.673314094543457031e-02
4.667303711175918579e-02
4.656412079930305481e-02
4.650713503360748291e-02
4.643969982862472534e-02
4.645112529397010803e-02
4.630364850163459778e-02
4.632007330656051636e-02
4.629165306687355042e-02
4.625847563147544861e-02
4.623060300946235657e-02
4.618601128458976746e-02
4.612585157155990601e-02
4.605178534984588623e-02
4.596542939543724060e-02
4.587705805897712708e-02
4.578408598899841309e-02
4.570918902754783630e-02
4.573396593332290649e-02
4.567581415176391602e-02
4.554312303662300110e-02
4.550534859299659729e-02
4.545235633850097656e-02
4.543016105890274048e-02
4.536459594964981079e-02
4.528829455375671387e-02
4.523086920380592346e-02
4.516308009624481201e-02
4.508891701698303223e-02
4.503243416547775269e-02
4.496999457478523254e-02
4.491423815488815308e-02
4.484064504504203796e-02
4.481697455048561096e-02
4.475122690200805664e-02
4.471584782004356384e-02
4.466587677597999573e-02
4.460280388593673706e-02
4.452807083725929260e-02
4.448622465133666992e-02
4.442140087485313416e-02
4.440006613731384277e-02
4.436591267585754395e-02
4.431710392236709595e-02
4.425520822405815125e-02
4.419165477156639099e-02
4.410963878035545349e-02
4.406280070543289185e-02
4.402440041303634644e-02
4.395449906587600708e-02
4.388934001326560974e-02
4.385366290807723999e-02
4.380476847290992737e-02
4.376389458775520325e-02
4.369048401713371277e-02
4.362639039754867554e-02
4.355153813958168030e-02
4.364054277539253235e-02
4.347436130046844482e-02
4.344639182090759277e-02
4.343379288911819458e-02
4.344564303755760193e-02
4.340009018778800964e-02
4.331878572702407837e-02
4.325906932353973389e-02
4.318946972489356995e-02
4.310991242527961731e-02
4.302164912223815918e-02
4.295578598976135254e-02
4.292247444391250610e-02
4.286133125424385071e-02
4.278345778584480286e-02
4.279028624296188354e-02
4.271373525261878967e-02
4.267906025052070618e-02
4.263174906373023987e-02
4.257293790578842163e-02
4.250387847423553467e-02
4.249418899416923523e-02
4.241639375686645508e-02
4.238952696323394775e-02
4.229088872671127319e-02
4.225593060255050659e-02
4.220838844776153564e-02
4.215059429407119751e-02
4.208965599536895752e-02
4.208837449550628662e-02
4.197827354073524475e-02
4.199525713920593262e-02
4.194891080260276794e-02
4.185540974140167236e-02
4.181046038866043091e-02
4.175429046154022217e-02
4.168812185525894165e-02
4.173697531223297119e-02
4.160498455166816711e-02
4.158606380224227905e-02
4.155641794204711914e-02
4.152738675475120544e-02
4.150401428341865540e-02
4.146742820739746094e-02
4.142018407583236694e-02
4.136800020933151245e-02
4.130535200238227844e-02
4.123426228761672974e-02
4.115851595997810364e-02
4.107987508177757263e-02
4.101061448454856873e-02
4.093846306204795837e-02
4.102938994765281677e-02
4.095273092389106750e-02
4.082367941737174988e-02
4.080323502421379089e-02
4.076993837952613831e-02
4.072500765323638916e-02
4.070618003606796265e-02
4.063786938786506653e-02
4.058701917529106140e-02
4.053890705108642578e-02
4.048079624772071838e-02
4.041380435228347778e-02
4.034870490431785583e-02
4.041456058621406555e-02
4.030271619558334351e-02
4.020486772060394287e-02
4.017981514334678650e-02
4.020289704203605652e-02
4.017986729741096497e-02
4.010462760925292969e-02
4.000909999012947083e-02
3.995880484580993652e-02
3.990065306425094604e-02
3.983414545655250549e-02
3.983110934495925903e-02
3.972339257597923279e-02
3.970305621623992920e-02
3.967593610286712646e-02
3.966669738292694092e-02
3.962362930178642273e-02
3.958857059478759766e-02
3.955452144145965576e-02
3.950978815555572510e-02
3.945547342300415039e-02
3.939265385270118713e-02
3.933573141694068909e-02
3.927202895283699036e-02
3.920207545161247253e-02
3.912670165300369263e-02
3.917454555630683899e-02
3.904851526021957397e-02
3.900320082902908325e-02
3.900223597884178162e-02
3.898791596293449402e-02
3.896138072013854980e-02
3.892377763986587524e-02
3.887616470456123352e-02
3.881964832544326782e-02
3.875520452857017517e-02
3.874107450246810913e-02
3.867194429039955139e-02
3.857718408107757568e-02
3.852076828479766846e-02
3.845721855759620667e-02
3.843525424599647522e-02
3.835437446832656860e-02
3.832638263702392578e-02
3.829787671566009521e-02
3.825935348868370056e-02
3.827890381217002869e-02
3.822673857212066650e-02
3.815080970525741577e-02
3.811522945761680603e-02
3.807030245661735535e-02
3.801702708005905151e-02
3.795675933361053467e-02
3.789448365569114685e-02
3.782760351896286011e-02
3.777135908603668213e-02
3.772090375423431396e-02
3.767555579543113708e-02
3.763709217309951782e-02
3.759127110242843628e-02
3.753758594393730164e-02
3.753102570772171021e-02
3.745806962251663208e-02
3.742879629135131836e-02
3.739008679986000061e-02
3.734290227293968201e-02
3.731016069650650024e-02
3.724433481693267822e-02
3.719505667686462402e-02
3.714515268802642822e-02
3.718987852334976196e-02
3.705268725752830505e-02
3.701682016253471375e-02
3.701396286487579346e-02
3.694496676325798035e-02
3.691198676824569702e-02
3.687658905982971191e-02
3.683816269040107727e-02
3.681128844618797302e-02
3.678001463413238525e-02
3.674164786934852600e-02
3.669526055455207825e-02
3.664168342947959900e-02
3.658231347799301147e-02
3.652552515268325806e-02
3.646279498934745789e-02
3.651715070009231567e-02
3.641648590564727783e-02
3.634670004248619080e-02
3.632173314690589905e-02
3.628864139318466187e-02
3.624718263745307922e-02
3.619822859764099121e-02
3.614263236522674561e-02
3.617516532540321350e-02
3.604360297322273254e-02
3.600914031267166138e-02
3.596442937850952148e-02
3.592241927981376648e-02
3.587341308593750000e-02
3.584710136055946350e-02
3.581324592232704163e-02
3.576232492923736572e-02
3.573682159185409546e-02
3.570265322923660278e-02
3.566062450408935547e-02
3.561186790466308594e-02
3.557101637125015259e-02
3.551198914647102356e-02
3.546893596649169922e-02
3.554943203926086426e-02
3.543611615896224976e-02
3.540118783712387085e-02
3.539060428738594055e-02
3.536991402506828308e-02
3.534001484513282776e-02
3.534699976444244385e-02
3.529236838221549988e-02
3.521512448787689209e-02
3.516358137130737305e-02
3.510622307658195496e-02
3.504382818937301636e-02
3.497697040438652039e-02
3.493057191371917725e-02
3.498773276805877686e-02
3.486353531479835510e-02
3.480971977114677429e-02
3.478680178523063660e-02
3.477282449603080750e-02
3.474954888224601746e-02
3.472450748085975647e-02
3.468231856822967529e-02
3.463955223560333252e-02
3.459017723798751831e-02
3.454679250717163086e-02
3.449095785617828369e-02
3.444066271185874939e-02
3.438482061028480530e-02
3.432408720254898071e-02
3.426355123519897461e-02
3.435718640685081482e-02
3.428231179714202881e-02
3.415654227137565613e-02
3.414783626794815063e-02
3.412983566522598267e-02
3.410335630178451538e-02
3.406918048858642578e-02
3.405284881591796875e-02
3.399600833654403687e-02
3.395681828260421753e-02
3.391126915812492371e-02
3.386004269123077393e-02
3.380383923649787903e-02
3.376521915197372437e-02
3.370099142193794250e-02
3.365318849682807922e-02
3.362439572811126709e-02
3.357251361012458801e-02
3.353862464427947998e-02
3.349813446402549744e-02
3.346856310963630676e-02
3.341575339436531067e-02
3.337346762418746948e-02
3.338601067662239075e-02
3.329895064234733582e-02
3.326604142785072327e-02
3.324058651924133301e-02
3.320927172899246216e-02
3.317189589142799377e-02
3.312855958938598633e-02
3.308676183223724365e-02
3.304015100002288818e-02
3.300854191184043884e-02
3.298925608396530151e-02
3.292830288410186768e-02
3.290227800607681274e-02
3.286929428577423096e-02
3.283052518963813782e-02
3.278640285134315491e-02
3.277039527893066406e-02
3.269863873720169067e-02
3.265450149774551392e-02
3.267741203308105469e-02
3.257727622985839844e-02
3.254259750247001648e-02
3.253365680575370789e-02
3.247569873929023743e-02
3.244157135486602783e-02
3.240387886762619019e-02
3.236247971653938293e-02
3.232836723327636719e-02
3.229548037052154541e-02
3.226838260889053345e-02
3.225535899400711060e-02
3.221016377210617065e-02
3.217875957489013672e-02
3.214113041758537292e-02
3.209815919399261475e-02
3.205041959881782532e-02
3.202669695019721985e-02
3.195693343877792358e-02
3.192826732993125916e-02
3.188643604516983032e-02
3.185573965311050415e-02
3.182234987616539001e-02
3.178427740931510925e-02
3.177440911531448364e-02
3.170420229434967041e-02
3.166970238089561462e-02
3.163031116127967834e-02
3.165953606367111206e-02
3.156214579939842224e-02
3.153226897120475769e-02
3.151265904307365417e-02
3.146871551871299744e-02
3.143481537699699402e-02
3.139513731002807617e-02
3.135135024785995483e-02
3.130378946661949158e-02
3.130980581045150757e-02
3.125669807195663452e-02
3.121176734566688538e-02
3.118853643536567688e-02
3.115891665220260620e-02
3.112341836094856262e-02
3.108298778533935547e-02
3.103822469711303711e-02
3.099789656698703766e-02
3.095130994915962219e-02
3.097162954509258270e-02
3.089269064366817474e-02
3.086764365434646606e-02
3.083669766783714294e-02
3.080084174871444702e-02
3.076029941439628601e-02
3.075561672449111938e-02
3.068494051694869995e-02
3.064682148396968842e-02
3.060600720345973969e-02
3.059919364750385284e-02
3.053921833634376526e-02
3.051072172820568085e-02
3.048926964402198792e-02
3.046171367168426514e-02
3.042857348918914795e-02
3.039096668362617493e-02
3.034940175712108612e-02
3.030767664313316345e-02
3.026202879846096039e-02
3.027981705963611603e-02
3.021621331572532654e-02
3.016756102442741394e-02
3.014412336051464081e-02
3.011473082005977631e-02
3.007999621331691742e-02
3.004037216305732727e-02
3.001430071890354156e-02
2.996260859072208405e-02
2.992468699812889099e-02
2.996233105659484863e-02
2.985942550003528595e-02
2.983174100518226624e-02
2.979880012571811676e-02
2.976443804800510406e-02
2.974842302501201630e-02
2.969517000019550323e-02
2.966311201453208923e-02
2.962872758507728577e-02
2.958974242210388184e-02
2.962370589375495911e-02
2.952276542782783508e-02
2.949326112866401672e-02
2.948917634785175323e-02
2.943409606814384460e-02
2.940410003066062927e-02
2.936924062669277191e-02
2.933005988597869873e-02
2.929100580513477325e-02
2.927016839385032654e-02
2.926173806190490723e-02
2.919740229845046997e-02
2.917855978012084961e-02
2.915428765118122101e-02
2.912438660860061646e-02
2.908942475914955139e-02
2.905034087598323822e-02
2.900750562548637390e-02
2.898870967328548431e-02
2.892786636948585510e-02
2.889176271855831146e-02
2.893012389540672302e-02
2.883432246744632721e-02
2.881120890378952026e-02
2.878297865390777588e-02
2.874971926212310791e-02
2.874403260648250580e-02
2.868369035422801971e-02
2.865017391741275787e-02
2.861330844461917877e-02
2.857557684183120728e-02
2.856780588626861572e-02
2.851102128624916077e-02
2.849504351615905762e-02
2.846668846905231476e-02
2.844393812119960785e-02
2.841628715395927429e-02
2.838397957384586334e-02
2.834735997021198273e-02
2.830690331757068634e-02
2.826305851340293884e-02
2.822102047502994537e-02
2.821109071373939514e-02
2.816744521260261536e-02
2.814719080924987793e-02
2.812206372618675232e-02
2.809204719960689545e-02
2.805758267641067505e-02
2.801916748285293579e-02
2.797898463904857635e-02
2.794096805155277252e-02
2.798254787921905518e-02
2.787533029913902283e-02
2.784803323447704315e-02
2.783720567822456360e-02
2.779859118163585663e-02
2.777259610593318939e-02
2.774180471897125244e-02
2.770696952939033508e-02
2.766862139105796814e-02
2.762857079505920410e-02
2.760414034128189087e-02
2.757892012596130371e-02
2.759306505322456360e-02
2.752975746989250183e-02
2.751330658793449402e-02
2.749374881386756897e-02
2.746907249093055725e-02
2.743977122008800507e-02
2.740950696170330048e-02
2.737642824649810791e-02
2.739605680108070374e-02
2.730561234056949615e-02
2.726971916854381561e-02
2.722987532615661621e-02
2.719232439994812012e-02
2.715199254453182220e-02
2.710907906293869019e-02
2.713349461555480957e-02
2.709614858031272888e-02
2.704679220914840698e-02
2.703502960503101349e-02
2.701736614108085632e-02
2.699449285864830017e-02
2.696705982089042664e-02
2.693532779812812805e-02
2.689975127577781677e-02
2.686099894344806671e-02
2.681964077055454254e-02
2.677572891116142273e-02
2.673340030014514923e-02
2.674813196063041687e-02
2.666324749588966370e-02
2.667615376412868500e-02
2.661914378404617310e-02
2.659736573696136475e-02
2.658106572926044464e-02
2.655964158475399017e-02
2.653358690440654755e-02
2.650336921215057373e-02
2.646942809224128723e-02
2.644360810518264771e-02
2.641195803880691528e-02
2.638707868754863739e-02
2.635797299444675446e-02
2.632579766213893890e-02
2.629078365862369537e-02
2.625476568937301636e-02
2.621913515031337738e-02
2.618468180298805237e-02
2.614872343838214874e-02
2.611362561583518982e-02
2.607606723904609680e-02
2.606976032257080078e-02
2.602273598313331604e-02
2.600055187940597534e-02
2.599860355257987976e-02
2.595528401434421539e-02
2.593185007572174072e-02
2.590414509177207947e-02
2.587259933352470398e-02
2.583780139684677124e-02
2.580082230269908905e-02
2.576624974608421326e-02
2.575170621275901794e-02
2.573567628860473633e-02
2.568844705820083618e-02
2.567161805927753448e-02
2.565040253102779388e-02
2.562512084841728210e-02
2.559600025415420532e-02
2.556336112320423126e-02
2.552767097949981689e-02
2.548957802355289459e-02
2.548847347497940063e-02
2.542206086218357086e-02
2.539144083857536316e-02
2.542042918503284454e-02
2.534027770161628723e-02
2.532014437019824982e-02
2.529633976519107819e-02
2.526909485459327698e-02
2.525596879422664642e-02
2.521565929055213928e-02
2.518887631595134735e-02
2.515876479446887970e-02
2.512609213590621948e-02
2.509069629013538361e-02
2.509896829724311829e-02
2.503439038991928101e-02
2.501084655523300171e-02
2.499791979789733887e-02
2.496683225035667419e-02
2.494435571134090424e-02
2.491828426718711853e-02
2.488882280886173248e-02
2.485634386539459229e-02
2.482387423515319824e-02
2.478991076350212097e-02
2.475393563508987427e-02
2.480105310678482056e-02
2.470167353749275208e-02
2.468790858983993530e-02
2.466993965208530426e-02
2.464772574603557587e-02
2.462164312601089478e-02
2.459209039807319641e-02
2.455942705273628235e-02
2.452401071786880493e-02
2.452207729220390320e-02
2.445861697196960449e-02
2.443287149071693420e-02
2.444189041852951050e-02
2.438419684767723083e-02
2.436729893088340759e-02
2.434636279940605164e-02
2.432202361524105072e-02
2.429440245032310486e-02
2.427010051906108856e-02
2.424122393131256104e-02
2.421556040644645691e-02
2.418685704469680786e-02
2.415525540709495544e-02
2.412107214331626892e-02
2.408844046294689178e-02
2.413608878850936890e-02
2.403235249221324921e-02
2.401637285947799683e-02
2.399073541164398193e-02
2.397304214537143707e-02
2.395148202776908875e-02
2.392636239528656006e-02
2.389813400804996490e-02
2.386725693941116333e-02
2.383391745388507843e-02
2.379841543734073639e-02
2.377291768789291382e-02
2.378746494650840759e-02
2.372301928699016571e-02
2.370771579444408417e-02
2.368870377540588379e-02
2.366611734032630920e-02
2.364016696810722351e-02
2.361120283603668213e-02
2.357955276966094971e-02
2.354746311902999878e-02
2.351973392069339752e-02
2.349288947880268097e-02
2.346694655716419220e-02
2.347710914909839630e-02
2.342169545590877533e-02
2.340545319020748138e-02
2.338566072285175323e-02
2.336251735687255859e-02
2.333943359553813934e-02
2.330875769257545471e-02
2.327859215438365936e-02
2.324595674872398376e-02
2.321154996752738953e-02
2.317745797336101532e-02
2.321785874664783478e-02
2.313119731843471527e-02
2.311770804226398468e-02
2.310146577656269073e-02
2.308177389204502106e-02
2.305883169174194336e-02
2.303287945687770844e-02
2.300436608493328094e-02
2.297381311655044556e-02
2.294136583805084229e-02
2.290732599794864655e-02
2.289440855383872986e-02
2.290481701493263245e-02
2.283529751002788544e-02
2.282024919986724854e-02
2.280220016837120056e-02
2.278111316263675690e-02
2.275715582072734833e-02
2.273060940206050873e-02
2.270176075398921967e-02
2.270178496837615967e-02
2.264775894582271576e-02
2.262271754443645477e-02
2.259572967886924744e-02
2.256709337234497070e-02
2.256908267736434937e-02
2.252024970948696136e-02
2.250137925148010254e-02
2.247978188097476959e-02
2.246450074017047882e-02
2.243899554014205933e-02
2.241929620504379272e-02
2.239674702286720276e-02
2.237164042890071869e-02
2.234424650669097900e-02
2.231482975184917450e-02
2.228372730314731598e-02
2.225369401276111603e-02
2.222251333296298981e-02
2.229192480444908142e-02
2.217503637075424194e-02
2.216232009232044220e-02
2.214645035564899445e-02
2.212775126099586487e-02
2.210596948862075806e-02
2.208133414387702942e-02
2.205412462353706360e-02
2.202467806637287140e-02
2.200761809945106506e-02
2.197068929672241211e-02
2.194582112133502960e-02
2.192089706659317017e-02
2.195640094578266144e-02
2.187745831906795502e-02
2.186009101569652557e-02
2.184014767408370972e-02
2.181771025061607361e-02
2.179318666458129883e-02
2.177143469452857971e-02
2.174709923565387726e-02
2.172519080340862274e-02
2.170104533433914185e-02
2.167474664747714996e-02
2.164825797080993652e-02
2.162064984440803528e-02
2.160532213747501373e-02
2.157211862504482269e-02
2.155331522226333618e-02
2.154923975467681885e-02
2.151925489306449890e-02
2.150210924446582794e-02
2.148200571537017822e-02
2.145900949835777283e-02
2.143339812755584717e-02
2.140567265450954437e-02
2.137675322592258453e-02
2.134637534618377686e-02
2.131954394280910492e-02
2.129537612199783325e-02
2.129723317921161652e-02
2.125747688114643097e-02
2.124325744807720184e-02
2.122613042593002319e-02
2.120648697018623352e-02
2.118435502052307129e-02
2.116014435887336731e-02
2.113398537039756775e-02
2.111771516501903534e-02
2.107796445488929749e-02
2.104879170656204224e-02
2.101922966539859772e-02
2.105570212006568909e-02
2.097386866807937622e-02
2.096105739474296570e-02
2.094832435250282288e-02
2.093249559402465820e-02
2.091386541724205017e-02
2.089261822402477264e-02
2.086900733411312103e-02
2.084358036518096924e-02
2.081653848290443420e-02
2.078791521489620209e-02
2.075791917741298676e-02
2.075528353452682495e-02
2.071033231914043427e-02
2.069822885096073151e-02
2.068409696221351624e-02
2.066707238554954529e-02
2.064742147922515869e-02
2.062540687620639801e-02
2.060209400951862335e-02
2.057793922722339630e-02
2.055189199745655060e-02
2.052413299679756165e-02
2.051525190472602844e-02
2.047476731240749359e-02
2.045389637351036072e-02
2.043087966740131378e-02
2.045536786317825317e-02
2.039274200797080994e-02
2.037703245878219604e-02
2.035881392657756805e-02
2.033794298768043518e-02
2.031463943421840668e-02
2.029263228178024292e-02
2.027150616049766541e-02
2.025080099701881409e-02
2.022822201251983643e-02
2.020413242280483246e-02
2.017833665013313293e-02
2.015105262398719788e-02
2.015267126262187958e-02
2.010727487504482269e-02
2.009006403386592865e-02
2.007293887436389923e-02
2.005793899297714233e-02
2.004251442849636078e-02
2.002454735338687897e-02
2.000427991151809692e-02
1.998193934559822083e-02
1.995796896517276764e-02
1.993228867650032043e-02
1.990507543087005615e-02
1.987716183066368103e-02
1.985372975468635559e-02
1.982915960252285004e-02
1.984059065580368042e-02
1.979636400938034058e-02
1.978406123816967010e-02
1.976905390620231628e-02
1.975155621767044067e-02
1.973208226263523102e-02
1.971028186380863190e-02
1.968640275299549103e-02
1.966076530516147614e-02
1.964579150080680847e-02
1.961389370262622833e-02
1.959199830889701843e-02
1.956830546259880066e-02
1.954358443617820740e-02
1.953079737722873688e-02
1.950352638959884644e-02
1.948713697493076324e-02
1.946849003434181213e-02
1.944824866950511932e-02
1.944197155535221100e-02
